"{data:[0.4,1.2,0.2,1.2,0,0.8,0.2]}"
"{data:[0.4,1.3,0.2,1.2,0.3,0.6,0.2]}"
"{data:[0.4,1.3,0.5,1.2,0.3,0.6,0.2]}"
"{data:[0.4,1.3,0.5,1.3,0.3,0.6,0.2]}"
"{data:[0.4,1.3,0.5,1.1,0.3,0.6,0.2]}"
"{data:[0.4,1.3,0.5,1.05,0.3,0.6,0.2]}"
"{data:[0.4,1.3,0.5,1.05,0.3,0.4,0.2]}"
"{data:[0.6,1.3,0.5,1.05,0.3,0.4,0.2]}"
"{data:[0,0.5,0,0.2,0.4,0.4,0.2]}"
"{data:[0.4,1.3,0.2,1.2,0.3,0.6,0.2]}"
"{data:[0.4,0,0.2,-0.5,0.3,0.2,0.2]}"
"{data:[0.4,0,0.2,-0.5,0.15,0.2,0.6]}"
"{data:[0.25,0,-0.25,-0.5,0.15,0.2,0.9]}"
"{data:[0.25,-1,-0.25,-1.3,0.15,0.2,0.9]}"
"{data:[0.25,-1,-0.25,-1.3,-0.35,0.2,0.9]}"
"{data:[0.25,-1,-0.3,-1.4,-0.6,0.2,0.9]}"
"{data:[-0.4,1.2,0.4,1.2,0.6,0.8,0.2]}"
"{data:[0.4,-1.2,0.2,-1.2,0,0.2,0.3]}"
"{data:[0.4,-0.8,0.2,-1.2,0,-0.3,0.3]}"
"{data:[0.6,-1.2,0.2,-1.2,0.5,0.2,-0.7]}"
"{data:[0.25,-1,-0.6,-1.4,-0.6,0.7,0.9]}"
